blah
skill_teaching_inst_mdp__ 1	G-pack	60	0.9756	69.62	1.69	58.13	72.49	NoopPolicy	30	0	-96.5	0	-96.5	-96.5	PROST2011	96	0.9393	68.05	2.33	51.29	72.49	PROST2014	321	1	70.67	1.24	60.37	72.49	RandomBoolPolicy	30	0	27.49	10.57	-28.57	72.37	factoredLRTDP	28	0.6376	55.02	5.98	23.06	72.37	ppudd3177	30	0.876	65.32	3.05	41.18	72.49	ppudd5177	30	0.876	65.32	3.05	41.18	72.49	
skill_teaching_inst_mdp__ 2	G-pack	330	0.9984	82.87	2.61	51.7	86	NoopPolicy	30	0	-114.61	0	-114.61	-114.61	PROST2011	126	0.8597	75.7	4.32	43	86.04	PROST2014	5616	1	82.95	1.92	71.65	86	RandomBoolPolicy	30	0	31.27	9.03	-40.03	66.09	factoredLRTDP	28	0.647	64.71	6.82	30.14	84.58	ppudd3177	30	0.8001	72.62	4.12	43	85.92	ppudd5177	30	0.8001	72.62	4.12	43	85.92	
skill_teaching_inst_mdp__ 3	G-pack	240	1	110.54	17.75	-30.1	175.08	NoopPolicy	30	0	-300.41	0	-300.41	-300.41	PROST2011	48	0.9534	100.68	19.39	-67.62	173.49	PROST2014	3005	0.9326	96.27	20.64	-68.87	175.08	RandomBoolPolicy	30	0	-101.08	27.27	-217.68	80.61	factoredLRTDP	27	0.2115	-56.33	22.66	-153.16	36.17	ppudd3177	30	0.9584	101.74	20.74	-66.39	170.26	ppudd5177	30	0.9584	101.74	20.74	-66.39	170.26	
skill_teaching_inst_mdp__ 4	G-pack	450	0.9804	128.27	12.76	57.52	183.96	NoopPolicy	30	0	-336.2	0	-336.2	-336.2	PROST2011	65	0.8959	107.53	18.82	-4.98	183.96	PROST2014	2982	1	133.1	15.94	-4.61	182.09	RandomBoolPolicy	30	0	-112.62	30.67	-223.37	79.6	factoredLRTDP	28	0.2829	-43.11	29.01	-229.61	73.22	ppudd3177	30	0.7633	74.94	25.59	-83.53	189.72	ppudd5177	30	0.7633	74.94	25.59	-83.53	189.72	
skill_teaching_inst_mdp__ 5	G-pack	90	0.8839	35.94	29.88	-274.71	153.08	NoopPolicy	30	0	-502.22	0	-502.22	-502.22	PROST2011	34	0.8243	15.96	33.8	-176.18	183.52	PROST2014	424	1	74.83	22.61	-74.37	156.57	RandomBoolPolicy	30	0	-260.16	37.19	-421.1	-26.64	factoredLRTDP	27	0.2901	-162.97	27.63	-310.01	-25.11	ppudd3177	30	0.7954	6.29	37.11	-220.85	176.62	ppudd5177	30	0.6381	-46.4	36.13	-170.93	157.42	
skill_teaching_inst_mdp__ 6	G-pack	510	1	65.78	51.03	-422	237.54	NoopPolicy	30	0	-572.75	0	-572.75	-572.75	PROST2011	41	0.7865	-14.66	56.15	-322.61	226.56	PROST2014	51	0.8203	-1.93	56.62	-334.6	237.16	RandomBoolPolicy	30	0	-311.02	42.45	-448.62	-37.57	factoredLRTDP	27	0.2245	-226.44	28.92	-354.02	-70.42	ppudd3177	30	0.7524	-27.51	45.33	-277.39	141.17	ppudd5177	30	0.6446	-68.14	44.36	-297.02	157.29	
skill_teaching_inst_mdp__ 7	G-pack	180	1	-11.7	48.22	-293.44	225.72	NoopPolicy	30	0	-701.91	0	-701.91	-701.91	PROST2011	36	0.9232	-45.21	51	-414.5	170.09	PROST2014	56	0.881	-63.62	46.4	-333.69	218.42	RandomBoolPolicy	30	0	-448.1	36.79	-580.71	-127.68	factoredLRTDP	22	0.1716	-373.23	34.17	-485.53	-87.74	ppudd3177	30	0.7263	-131.15	50.25	-513.12	52.38	ppudd5177	30	0.8968	-56.74	48.86	-415.45	140.65	
skill_teaching_inst_mdp__ 8	G-pack	810	1	-96.63	68.2	-516.74	268.47	NoopPolicy	30	0	-824.43	0	-824.43	-824.43	PROST2011	35	0.799	-184.68	71.53	-537.25	205.98	PROST2014	51	0.7792	-193.36	55.22	-478	141.3	RandomBoolPolicy	30	0	-534.7	50.16	-696.34	-120.96	factoredLRTDP	21	0.1416	-472.66	44.42	-698.67	-228.12	ppudd3177	30	0.6105	-267.26	40.59	-574.58	-117.45	ppudd5177	30	0.689	-232.88	57.87	-676.67	19.57	
skill_teaching_inst_mdp__ 9	G-pack	60	0.9767	-98.27	57.13	-471.25	174.94	NoopPolicy	30	0	-786.89	0	-786.89	-786.89	PROST2011	35	1	-87.72	48.45	-379.3	74.9	PROST2014	43	0.8226	-168.04	55.05	-462.62	122.05	RandomBoolPolicy	30	0	-540.62	35.36	-690.72	-333.55	factoredLRTDP	24	0.2256	-438.43	39.68	-563.25	-98.36	ppudd3177	30	0.526	-302.39	45.02	-673.39	-174.79	ppudd5177	30	0.799	-178.73	39.11	-480.03	0.43	
skill_teaching_inst_mdp__ 10	G-pack	300	1	-132.29	69.05	-612.79	161.27	NoopPolicy	30	0	-949.82	0	-949.82	-949.82	PROST2011	35	0.8887	-189.44	62.5	-569.67	96.14	PROST2014	51	0.9263	-170.16	71.95	-603.69	149.34	RandomBoolPolicy	30	0	-645.96	48.56	-839.84	-366.53	factoredLRTDP	0	0	-645.96	48.56	-839.84	-366.53	ppudd3177	30	0.5922	-341.74	48.5	-653.26	-184.28	ppudd5177	30	0.7401	-265.8	53.36	-579.87	-37.41
