blah
wildfire_inst_mdp__ 1	G-pack	120	1	-181.17	255.75	-3965	-40	NoopPolicy	30	0	-7906.67	871.85	-11315	-200	PROST2011	58	0.9717	-292.67	341.93	-3950	-40	PROST2014	57	0.8919	-607.67	521.28	-4855	-40	RandomBoolPolicy	30	0	-4126.83	1253.11	-10680	-285	factoredLRTDP	28	0.842	-804.52	635	-6525	-40	ppudd3177	30	0.9081	-543.67	460.07	-5590	-15	ppudd5177	30	0.9081	-543.67	460.07	-5590	-15	
wildfire_inst_mdp__ 2	G-pack	210	1	-8572.33	603.87	-15895	-8055	NoopPolicy	30	0	-17268.5	586.23	-19455	-14165	PROST2011	30	0.9536	-8831.17	568.36	-11980	-8045	PROST2014	30	0.7148	-10162	707.94	-15325	-8065	RandomBoolPolicy	30	0	-14146.83	1105.43	-19540	-8355	factoredLRTDP	28	0.3171	-12379.18	1013.74	-17975	-4950	ppudd3177	30	0	-14289	923.37	-18960	-8945	ppudd5177	30	0	-14289	923.37	-18960	-8945	
wildfire_inst_mdp__ 3	G-pack	30	0.9599	-1630.33	809.72	-7835	-95	NoopPolicy	30	0	-13185.5	729.17	-16255	-7465	PROST2011	30	0.9709	-1529.83	850.86	-7940	-85	PROST2014	31	1	-1263	883.49	-11250	-85	RandomBoolPolicy	30	0	-10424.5	1451.37	-14845	-610	factoredLRTDP	27	0.3446	-7267.77	1516.06	-14225	-195	ppudd3177	30	0	-12534.33	728.99	-15595	-8685	ppudd5177	30	0	-12534.33	728.99	-15595	-8685	
wildfire_inst_mdp__ 4	G-pack	30	0.9217	-9680.83	1597.25	-18865	-4085	NoopPolicy	30	0	-27244.33	616.14	-30620	-24100	PROST2011	42	1	-8536	1280.1	-15605	-4100	PROST2014	30	0.3348	-18259.33	2853.64	-27440	-4110	RandomBoolPolicy	30	0	-23154	1185.76	-28095	-14095	factoredLRTDP	27	0.4653	-16352.37	1898.4	-25545	-6575	ppudd3177	30	0.2548	-19430	1527.25	-28075	-11195	ppudd5177	30	0.4624	-16394.17	1780.17	-27585	-8160	
wildfire_inst_mdp__ 5	G-pack	30	1	-2024.83	1268.1	-13485	-60	NoopPolicy	30	0	-12219.83	1026.08	-19300	-7115	PROST2011	30	0.9435	-2372	1040.67	-8865	-125	PROST2014	30	0.7359	-3648	1395.87	-12355	-85	RandomBoolPolicy	30	0	-8169.83	1091.2	-12930	-2425	factoredLRTDP	25	0.1898	-7003.8	1403.46	-14635	-70	ppudd3177	12	0	-8739.23	994.78	-16250	-1410	ppudd5177	0	0	-8169.83	1091.2	-12930	-2425	
wildfire_inst_mdp__ 6	G-pack	30	1	-17626.83	3795.27	-34535	-4095	NoopPolicy	30	0	-31480	1045.03	-37450	-26630	PROST2011	30	0.7428	-19453	2214.5	-28285	-4300	PROST2014	30	0.6013	-20457.33	2537.29	-32000	-6730	RandomBoolPolicy	30	0	-24726.33	2236.02	-34885	-13390	factoredLRTDP	25	0	-24870.1	2249.35	-36095	-10070	ppudd3177	27	0	-27401.73	1195.49	-34045	-22105	ppudd5177	1	0	-24757.12	60.35	-25650	-24726.33	
wildfire_inst_mdp__ 7	G-pack	30	0.1186	-15399	1566.91	-19915	-4350	NoopPolicy	30	0	-18870.67	485.31	-21035	-14950	PROST2011	30	0.4747	-11653.17	1253.55	-18170	-4395	PROST2014	30	1	-6126.83	852.03	-12305	-4180	RandomBoolPolicy	30	0	-16646.67	579.18	-19760	-13480	factoredLRTDP	24	0.1228	-15354.89	988.66	-18815	-8860	ppudd3177	14	0	-17158.39	393.71	-19440	-14870	ppudd5177	0	0	-16646.67	579.18	-19760	-13480	
wildfire_inst_mdp__ 8	G-pack	30	0.2414	-23589.67	2203.76	-32725	-13920	NoopPolicy	30	0	-29635.17	1368.46	-37685	-22195	PROST2011	30	0.9507	-15928.5	2658.48	-33850	-8205	PROST2014	30	1	-15396.17	2595.24	-32790	-8190	RandomBoolPolicy	30	0	-26196.67	1797.92	-35010	-12370	factoredLRTDP	24	0.1254	-24842.39	2249.23	-34955	-10855	ppudd3177	30	0	-27393.33	1659.58	-35445	-17625	ppudd5177	19	0.2572	-23418.28	2307.29	-35315	-8165	
wildfire_inst_mdp__ 9	G-pack	30	0.5593	-14628.83	1171.25	-19345	-7425	NoopPolicy	30	0	-20483	498.54	-23785	-17530	PROST2011	30	0.8995	-12503.83	1251.1	-17935	-4410	PROST2014	30	1	-11876	1716.55	-19755	-295	RandomBoolPolicy	30	0	-18122.5	573.16	-21395	-15520	factoredLRTDP	15	0.0228	-17980	831.53	-21695	-8140	ppudd3177	0	0	-18122.5	573.16	-21395	-15520	ppudd5177	0	0	-18122.5	573.16	-21395	-15520	
wildfire_inst_mdp__ 10	G-pack	90	0	-28790.83	1219.17	-34950	-18535	NoopPolicy	30	0	-31154.17	1392.9	-39475	-20255	PROST2011	30	0.6093	-22905.33	1792.94	-37390	-16595	PROST2014	30	1	-19638.17	1529.32	-28615	-13280	RandomBoolPolicy	30	0	-27999.67	1715.71	-35025	-18620	factoredLRTDP	0	0	-27999.67	1715.71	-35025	-18620	ppudd3177	0	0	-27999.67	1715.71	-35025	-18620	ppudd5177	0	0	-27999.67	1715.71	-35025	-18620
