2 14 255
3 69 255
4 78 255
5 87 255
6 98 255
7 111 255
8 126 255
9 135 255
10 136 255
11 137 255
12 138 255
13 139 255
14 140 255
15 141 255
16 142 255
17 143 255
18 144 255
19 145 255
20 146 255
21 147 255
22 148 255
23 149 255
24 150 255
25 151 255
26 152 255
27 153 255
28 154 255
29 155 255
30 156 255
31 157 255
32 158 255
33 159 255
34 160 255
35 161 255
36 162 255
37 163 255
38 164 255
39 165 255
40 166 255
41 167 255
42 168 255
43 169 255
44 170 255
45 171 255
46 172 255
47 173 255
48 174 255
49 175 255
50 176 255
51 177 255
52 178 255
53 179 255
54 180 255
55 181 255
56 182 255
57 183 255
58 184 255
59 185 255
60 186 255
61 187 255
62 188 255
63 189 255
64 190 255
65 191 255
66 192 255
67 193 255
68 194 255
69 195 255
70 196 255
71 197 255
72 198 255
73 199 255
74 200 255
75 201 255
76 202 255
77 203 255
78 204 255
79 205 255
80 206 255
81 207 255
82 208 255
83 209 255
84 210 255
85 211 255
86 212 255
87 213 255
88 214 255
89 215 255
90 216 255
91 217 255
92 218 255
93 219 255
94 220 255
95 221 255
96 222 255
97 223 255
98 224 255
99 225 255
100 226 255
