academic_advising_inst_mdp__1	G-pack	390	1	-38.63	3.2	-65	-30	NoopPolicy	30	0	-200	0	-200	-200	PROST2011	67	0.9942	-39.57	2.83	-58	-30	PROST2014	57	0.989	-40.4	3.56	-59	-24	RandomBoolPolicy	30	0	-200.5	17.16	-268	-119	factoredLRTDP	28	0.6738	-91.27	15.18	-200	-36	ppudd3177	30	0.9942	-39.57	2.67	-65	-30	ppudd5177	30	0.9942	-39.57	2.67	-65	-30	
academic_advising_inst_mdp__2	G-pack	480	1	-42.83	3.78	-67	-28	NoopPolicy	30	0	-200	0	-200	-200	PROST2011	30	0.9745	-46.83	3.42	-71	-35	PROST2014	64	0.9828	-45.53	4.08	-72	-28	RandomBoolPolicy	30	0	-261.63	16.78	-342	-186	factoredLRTDP	28	0.7028	-89.53	15.31	-200	-25	ppudd3177	30	0.9448	-51.5	5.03	-100	-28	ppudd5177	3	0.0638	-189.97	13.67	-200	-46	
academic_advising_inst_mdp__3	G-pack	60	0.9992	-38.7	5.19	-80	-24	NoopPolicy	30	0	-200	0	-200	-200	PROST2011	30	1	-38.57	3.18	-58	-24	PROST2014	30	0.9705	-43.33	4.83	-80	-30	RandomBoolPolicy	30	0	-235.37	15.07	-268	-151	factoredLRTDP	27	0.4181	-132.5	15.31	-200	-49	ppudd3177	30	0.9519	-46.33	3.97	-72	-30	ppudd5177	30	0.9519	-46.33	3.97	-72	-30	
academic_advising_inst_mdp__4	G-pack	60	0	-200	0	-200	-200	NoopPolicy	30	0	-200	0	-200	-200	PROST2011	30	0	-200	0	-200	-200	PROST2014	30	0.2846	-187.63	15.03	-220	-79	RandomBoolPolicy	30	0	-290.87	14.18	-337	-202	factoredLRTDP	27	0.8667	-162.33	15.12	-236	-7	ppudd3177	30	0	-200	0	-200	-200	ppudd5177	30	0	-200	0	-200	-200	
academic_advising_inst_mdp__5	G-pack	60	0	-200	0	-200	-200	NoopPolicy	30	0	-200	0	-200	-200	PROST2011	30	0	-200	0	-200	-200	PROST2014	30	0	-204.77	2.54	-216	-175	RandomBoolPolicy	30	0	-258.4	0.95	-262	-252	factoredLRTDP	26	0	-222.6	8.88	-256	-176	ppudd3177	30	0	-200	0	-200	-200	ppudd5177	30	0	-200	0	-200	-200	
academic_advising_inst_mdp__6	G-pack	60	0	-200	0	-200	-200	NoopPolicy	30	0	-200	0	-200	-200	PROST2011	30	0	-200	0	-200	-200	PROST2014	30	0	-201.83	3.18	-212	-156	RandomBoolPolicy	30	0	-320.27	6.23	-337	-278	factoredLRTDP	25	0	-222.43	10.73	-256	-115	ppudd3177	30	0	-200	0	-200	-200	ppudd5177	30	0	-200	0	-200	-200	
academic_advising_inst_mdp__7	G-pack	60	0	-200	0	-200	-200	NoopPolicy	30	0	-200	0	-200	-200	PROST2011	30	0	-200	0	-200	-200	PROST2014	30	0	-206.13	1.48	-217	-203	RandomBoolPolicy	30	0	-256.5	0.86	-262	-250	factoredLRTDP	25	0	-224.03	6.84	-245	-172	ppudd3177	30	0	-200	0	-200	-200	ppudd5177	30	0	-200	0	-200	-200	
academic_advising_inst_mdp__8	G-pack	60	0	-200	0	-200	-200	NoopPolicy	30	0	-200	0	-200	-200	PROST2011	30	0	-200	0	-200	-200	PROST2014	30	0	-201.03	9.39	-223	-108	RandomBoolPolicy	30	0	-325.57	3.22	-335	-296	factoredLRTDP	23	0	-217.03	13.83	-239	-28	ppudd3177	30	0	-200	0	-200	-200	ppudd5177	30	0	-200	0	-200	-200	
academic_advising_inst_mdp__9	G-pack	60	0	-200	0	-200	-200	NoopPolicy	30	0	-200	0	-200	-200	PROST2011	30	0	-200	0	-200	-200	PROST2014	30	0	-204.3	1.81	-221	-202	RandomBoolPolicy	30	0	-255.7	1.02	-260	-251	factoredLRTDP	26	0	-220.17	11.86	-239	-57	ppudd3177	30	0	-200	0	-200	-200	ppudd5177	30	0	-200	0	-200	-200	
academic_advising_inst_mdp__10	G-pack	60	0	-200	0	-200	-200	NoopPolicy	30	0	-200	0	-200	-200	PROST2011	30	0	-200	0	-200	-200	PROST2014	30	0	-213.37	0.79	-217	-208	RandomBoolPolicy	30	0	-325.6	1.71	-333	-312	factoredLRTDP	21	0	-214.13	9.23	-232	-97	ppudd3177	30	0	-200	0	-200	-200	ppudd5177	30	0	-200	0	-200	-200	
crossing_traffic_inst_mdp__1	G-pack	720	0.9975	-4.3	0.23	-7	-4	NoopPolicy	30	0	-40	0	-40	-40	PROST2011	132	0.9894	-4.53	0.36	-8	-4	PROST2014	81	0.9999	-4.23	0.18	-6	-4	RandomBoolPolicy	30	0	-32.73	4.9	-40	-4	factoredLRTDP	28	0.8979	-7.14	3.11	-32.73	-4	ppudd3177	30	0.6338	-14.67	6.52	-40	-2	ppudd5177	30	0.6338	-14.67	6.52	-40	-2	
crossing_traffic_inst_mdp__2	G-pack	60	0.9942	-5.3	0.52	-9	-4	NoopPolicy	30	0	-40	0	-40	-40	PROST2011	89	0.993	-5.33	0.58	-11	-4	PROST2014	63	0.9999	-5.13	0.55	-9	-4	RandomBoolPolicy	30	0.0001	-34.27	4.73	-40	-2	factoredLRTDP	28	0.8914	-8.29	3.21	-34.27	-4	ppudd3177	30	0.4989	-19.73	6.9	-40	-2	ppudd5177	30	0.4989	-19.73	6.9	-40	-2	
crossing_traffic_inst_mdp__3	G-pack	600	1.0001	-5.67	0.37	-9	-5	NoopPolicy	30	0	-40	0	-40	-40	PROST2011	69	0.9713	-6.63	0.57	-10	-5	PROST2014	101	0.9713	-6.63	0.63	-11	-5	RandomBoolPolicy	30	0	-39.23	1.5	-40	-17	factoredLRTDP	28	0.765	-13.56	4.34	-40	-5	ppudd3177	30	0.5651	-20.27	6.72	-40	-3	ppudd5177	30	0.5651	-20.27	6.72	-40	-3	
crossing_traffic_inst_mdp__4	G-pack	630	1	-7.7	0.93	-17	-5	NoopPolicy	30	0	-40	0	-40	-40	PROST2011	49	0.8875	-11.33	2.09	-25	-5	PROST2014	56	0.9185	-10.33	1.93	-28	-5	RandomBoolPolicy	30	0	-40	0	-40	-40	factoredLRTDP	28	0.5614	-21.87	4.61	-40	-5	ppudd3177	30	0.1146	-36.3	4.04	-40	-3	ppudd5177	30	0.1146	-36.3	4.04	-40	-3	
crossing_traffic_inst_mdp__5	G-pack	60	1.0001	-6.57	0.31	-10	-6	NoopPolicy	30	0	-40	0	-40	-40	PROST2011	82	0.9473	-8.33	0.68	-12	-6	PROST2014	88	0.9911	-6.87	0.4	-10	-6	RandomBoolPolicy	30	0	-40	0	-40	-40	factoredLRTDP	26	0.1815	-33.93	4.12	-40	-5	ppudd3177	30	0.5384	-22	6.55	-40	-4	ppudd5177	30	0.5384	-22	6.55	-40	-4	
crossing_traffic_inst_mdp__6	G-pack	64	0.9999	-9.63	2.26	-40	-6	NoopPolicy	30	0	-40	0	-40	-40	PROST2011	62	0.934	-11.63	1.05	-19	-8	PROST2014	49	0.9867	-10.03	2.36	-40	-6	RandomBoolPolicy	30	0	-40	0	-40	-40	factoredLRTDP	25	0.0066	-39.8	0.39	-40	-34	ppudd3177	30	0.1185	-36.4	3.93	-40	-4	ppudd5177	30	0.1185	-36.4	3.93	-40	-4	
crossing_traffic_inst_mdp__7	G-pack	30	0.424	-27.17	6.14	-40	-5	NoopPolicy	30	0	-40	0	-40	-40	PROST2011	64	0.838	-14.63	3.22	-40	-7	PROST2014	73	0.9999	-9.73	1.14	-19	-7	RandomBoolPolicy	30	0	-40	0	-40	-40	factoredLRTDP	22	0.0198	-39.4	1.18	-40	-22	ppudd3177	30	0.501	-24.83	6.31	-40	-5	ppudd5177	30	0.501	-24.83	6.31	-40	-5	
crossing_traffic_inst_mdp__8	G-pack	30	0.2343	-35.4	4.27	-40	-5	NoopPolicy	30	0	-40	0	-40	-40	PROST2011	41	1.0002	-20.37	3.98	-40	-7	PROST2014	40	0.8083	-24.13	4.81	-40	-7	RandomBoolPolicy	30	0	-40	0	-40	-40	factoredLRTDP	25	0.0577	-38.87	2.22	-40	-6	ppudd3177	30	0.2972	-34.17	4.75	-40	-5	ppudd5177	30	0.2972	-34.17	4.75	-40	-5	
crossing_traffic_inst_mdp__9	G-pack	60	0.7097	-17.33	5.83	-40	-6	NoopPolicy	30	0	-40	0	-40	-40	PROST2011	43	0.8657	-12.53	2.14	-40	-8	PROST2014	58	1	-8.4	0.28	-11	-8	RandomBoolPolicy	30	0.0001	-39.17	1.63	-40	-15	factoredLRTDP	21	0.0232	-38.46	2.47	-40	-2	ppudd3177	30	0.5992	-20.73	6.13	-40	-6	ppudd5177	30	0.5992	-20.73	6.13	-40	-6	
crossing_traffic_inst_mdp__10	G-pack	60	0.3464	-32.07	5.23	-40	-6	NoopPolicy	30	0	-40	0	-40	-40	PROST2011	50	0.6507	-25.1	4.13	-40	-9	PROST2014	36	1	-17.1	2.56	-40	-8	RandomBoolPolicy	30	0	-40	0	-40	-40	factoredLRTDP	0	0	-40	0	-40	-40	ppudd3177	30	0.198	-35.47	4.21	-40	-6	ppudd5177	30	0.198	-35.47	4.21	-40	-6	
elevators_inst_mdp__1	G-pack	840	0.8443	-42.17	4.28	-62.5	-21	NoopPolicy	30	0	-65.2	3.28	-77	-46	PROST2011	30	0.7169	-45.64	3.12	-70	-25.5	PROST2014	4074	1.0001	-37.92	3.76	-60.5	-10.5	RandomBoolPolicy	30	0	-87.9	10.45	-150.25	-52.5	factoredLRTDP	27	0.4417	-53.15	4.34	-75	-26	ppudd3177	30	0.5508	-50.18	3.98	-67.25	-27	ppudd5177	30	0.5508	-50.18	3.98	-67.25	-27	
elevators_inst_mdp__2	G-pack	60	0.9908	-17.58	2.34	-34.75	-7.5	NoopPolicy	30	0	-54.7	5.72	-75	-17	PROST2011	30	1	-17.24	2.57	-36.5	-5	PROST2014	31	0.9577	-18.82	2.49	-39	-7.5	RandomBoolPolicy	30	0	-71.86	11.91	-138	-7.75	factoredLRTDP	28	0.187	-47.7	11.4	-147.25	0	ppudd3177	30	0.8754	-21.91	3.41	-44.75	-10	ppudd5177	12	0.3516	-41.53	6.25	-54.7	-10	
elevators_inst_mdp__3	G-pack	150	1.0001	-49.31	3.06	-64.5	-28.75	NoopPolicy	30	0	-72.9	1.3	-78	-64	PROST2011	30	0.6768	-56.93	3.75	-79.5	-32.5	PROST2014	30	0.6344	-57.93	2.7	-79.5	-43.5	RandomBoolPolicy	30	0	-126.12	15.44	-238.75	-63.5	factoredLRTDP	28	0	-103.09	16.18	-206.5	0	ppudd3177	30	0.5203	-60.62	3.55	-78	-30.75	ppudd5177	21	0.4181	-63.04	3.85	-74.5	-30.75	
elevators_inst_mdp__4	G-pack	60	0.9999	-49.68	6.86	-98.75	-18	NoopPolicy	30	0.0001	-94.07	8.33	-139	-51	PROST2011	30	0.778	-59.53	7.39	-99	-18.75	PROST2014	37	0.9596	-51.48	6.09	-84	-8.75	RandomBoolPolicy	30	0	-115.05	10.31	-182.5	-57	factoredLRTDP	28	0.6234	-66.4	9.02	-112.25	-12	ppudd3177	30	0.6479	-65.31	6.98	-106.75	-26.5	ppudd5177	30	0.6479	-65.31	6.98	-106.75	-26.5	
elevators_inst_mdp__5	G-pack	180	1.0001	-47.62	5.34	-79	-21.25	NoopPolicy	30	0	-114	7.19	-142	-76	PROST2011	30	0.9762	-49.2	5.5	-96.25	-24.75	PROST2014	30	0.9694	-49.65	5.12	-70.5	-14.5	RandomBoolPolicy	30	0	-140.33	15.45	-218	-62.25	factoredLRTDP	27	0	-141.29	16.79	-236	-28.5	ppudd3177	30	0.4745	-82.5	7.95	-115.75	-35	ppudd5177	30	0.4804	-82.11	10.43	-133	-37.75	
elevators_inst_mdp__6	G-pack	180	1	-63.6	5.43	-95.5	-35.75	NoopPolicy	30	0.0001	-118.67	6.95	-142	-75	PROST2011	30	0.914	-68.33	5.95	-100.25	-37.5	PROST2014	30	0.8962	-69.32	5.82	-104	-33.75	RandomBoolPolicy	30	0	-154.84	14.01	-242.75	-70	factoredLRTDP	27	0	-155.46	19.31	-275.5	-11.5	ppudd3177	30	0.517	-90.2	9.31	-149.5	-46.25	ppudd5177	30	0.5014	-91.06	8.51	-137.5	-43.5	
elevators_inst_mdp__7	G-pack	60	0.9999	-72.82	8.17	-107.5	-26.5	NoopPolicy	30	0	-129.63	11.21	-188	-40	PROST2011	30	0.8079	-83.73	8.98	-131	-33.75	PROST2014	31	0.8567	-80.96	8.98	-123	-28.75	RandomBoolPolicy	30	0	-150.28	15.84	-231.25	-65	factoredLRTDP	28	0.3182	-111.55	14.36	-186.25	-1	ppudd3177	30	0.6801	-90.99	8.89	-153.25	-59.75	ppudd5177	30	0.6801	-90.99	8.89	-153.25	-59.75	
elevators_inst_mdp__8	G-pack	60	0.8975	-77.36	7.32	-117.5	-38.75	NoopPolicy	30	0	-146.9	10.37	-187	-76	PROST2011	30	0.8885	-78.06	7.82	-132.25	-35.5	PROST2014	30	1	-69.42	8.38	-122.75	-30.5	RandomBoolPolicy	30	0	-167.9	22.68	-374.25	-52	factoredLRTDP	27	0	-188.84	18.59	-257.25	-6	ppudd3177	30	0.5152	-106.98	11.1	-167.25	-54.5	ppudd5177	30	0.2982	-123.79	12.28	-228.5	-66.5	
elevators_inst_mdp__9	G-pack	30	0.885	-94.64	8.99	-144	-43.25	NoopPolicy	30	0	-160.37	10.87	-232	-88	PROST2011	30	0.9785	-87.7	9.28	-141.5	-35	PROST2014	30	1	-86.1	9.65	-168	-49.75	RandomBoolPolicy	30	0	-180.78	15.34	-252	-101	factoredLRTDP	27	0	-198.47	18.3	-262	-1	ppudd3177	30	0.3131	-137.12	14.58	-195.5	-61.25	ppudd5177	30	0.3628	-133.42	10.89	-187.75	-42.75	
elevators_inst_mdp__10	G-pack	73	0.9477	-61.51	11.13	-138	-22.25	NoopPolicy	30	0	-109.7	12.08	-172	-37	PROST2011	30	0.9326	-62.28	8.55	-103.5	-7.75	PROST2014	30	1	-58.85	10.43	-132.5	-6.25	RandomBoolPolicy	30	0	-130.76	18.34	-257.5	-40	factoredLRTDP	27	0	-122.39	14.6	-209.5	-44	ppudd3177	30	0.7047	-73.87	13.62	-158.75	-18.5	ppudd5177	30	0.7047	-73.87	13.62	-158.75	-18.5	
skill_teaching_inst_mdp__1	G-pack	60	0.9756	69.62	1.69	58.13	72.49	NoopPolicy	30	0	-96.5	0	-96.5	-96.5	PROST2011	96	0.9393	68.05	2.33	51.29	72.49	PROST2014	321	1	70.67	1.24	60.37	72.49	RandomBoolPolicy	30	0	27.49	10.57	-28.57	72.37	factoredLRTDP	28	0.6376	55.02	5.98	23.06	72.37	ppudd3177	30	0.876	65.32	3.05	41.18	72.49	ppudd5177	30	0.876	65.32	3.05	41.18	72.49	
skill_teaching_inst_mdp__2	G-pack	330	0.9984	82.87	2.61	51.7	86	NoopPolicy	30	0	-114.61	0	-114.61	-114.61	PROST2011	126	0.8597	75.7	4.32	43	86.04	PROST2014	5616	1	82.95	1.92	71.65	86	RandomBoolPolicy	30	0	31.27	9.03	-40.03	66.09	factoredLRTDP	28	0.647	64.71	6.82	30.14	84.58	ppudd3177	30	0.8001	72.62	4.12	43	85.92	ppudd5177	30	0.8001	72.62	4.12	43	85.92	
skill_teaching_inst_mdp__3	G-pack	240	1	110.54	17.75	-30.1	175.08	NoopPolicy	30	0	-300.41	0	-300.41	-300.41	PROST2011	48	0.9534	100.68	19.39	-67.62	173.49	PROST2014	3005	0.9326	96.27	20.64	-68.87	175.08	RandomBoolPolicy	30	0	-101.08	27.27	-217.68	80.61	factoredLRTDP	27	0.2115	-56.33	22.66	-153.16	36.17	ppudd3177	30	0.9584	101.74	20.74	-66.39	170.26	ppudd5177	30	0.9584	101.74	20.74	-66.39	170.26	
skill_teaching_inst_mdp__4	G-pack	450	0.9804	128.27	12.76	57.52	183.96	NoopPolicy	30	0	-336.2	0	-336.2	-336.2	PROST2011	65	0.8959	107.53	18.82	-4.98	183.96	PROST2014	2982	1	133.1	15.94	-4.61	182.09	RandomBoolPolicy	30	0	-112.62	30.67	-223.37	79.6	factoredLRTDP	28	0.2829	-43.11	29.01	-229.61	73.22	ppudd3177	30	0.7633	74.94	25.59	-83.53	189.72	ppudd5177	30	0.7633	74.94	25.59	-83.53	189.72	
skill_teaching_inst_mdp__5	G-pack	90	0.8839	35.94	29.88	-274.71	153.08	NoopPolicy	30	0	-502.22	0	-502.22	-502.22	PROST2011	34	0.8243	15.96	33.8	-176.18	183.52	PROST2014	424	1	74.83	22.61	-74.37	156.57	RandomBoolPolicy	30	0	-260.16	37.19	-421.1	-26.64	factoredLRTDP	27	0.2901	-162.97	27.63	-310.01	-25.11	ppudd3177	30	0.7954	6.29	37.11	-220.85	176.62	ppudd5177	30	0.6381	-46.4	36.13	-170.93	157.42	
skill_teaching_inst_mdp__6	G-pack	510	1	65.78	51.03	-422	237.54	NoopPolicy	30	0	-572.75	0	-572.75	-572.75	PROST2011	41	0.7865	-14.66	56.15	-322.61	226.56	PROST2014	51	0.8203	-1.93	56.62	-334.6	237.16	RandomBoolPolicy	30	0	-311.02	42.45	-448.62	-37.57	factoredLRTDP	27	0.2245	-226.44	28.92	-354.02	-70.42	ppudd3177	30	0.7524	-27.51	45.33	-277.39	141.17	ppudd5177	30	0.6446	-68.14	44.36	-297.02	157.29	
skill_teaching_inst_mdp__7	G-pack	180	1	-11.7	48.22	-293.44	225.72	NoopPolicy	30	0	-701.91	0	-701.91	-701.91	PROST2011	36	0.9232	-45.21	51	-414.5	170.09	PROST2014	56	0.881	-63.62	46.4	-333.69	218.42	RandomBoolPolicy	30	0	-448.1	36.79	-580.71	-127.68	factoredLRTDP	22	0.1716	-373.23	34.17	-485.53	-87.74	ppudd3177	30	0.7263	-131.15	50.25	-513.12	52.38	ppudd5177	30	0.8968	-56.74	48.86	-415.45	140.65	
skill_teaching_inst_mdp__8	G-pack	810	1	-96.63	68.2	-516.74	268.47	NoopPolicy	30	0	-824.43	0	-824.43	-824.43	PROST2011	35	0.799	-184.68	71.53	-537.25	205.98	PROST2014	51	0.7792	-193.36	55.22	-478	141.3	RandomBoolPolicy	30	0	-534.7	50.16	-696.34	-120.96	factoredLRTDP	21	0.1416	-472.66	44.42	-698.67	-228.12	ppudd3177	30	0.6105	-267.26	40.59	-574.58	-117.45	ppudd5177	30	0.689	-232.88	57.87	-676.67	19.57	
skill_teaching_inst_mdp__9	G-pack	60	0.9767	-98.27	57.13	-471.25	174.94	NoopPolicy	30	0	-786.89	0	-786.89	-786.89	PROST2011	35	1	-87.72	48.45	-379.3	74.9	PROST2014	43	0.8226	-168.04	55.05	-462.62	122.05	RandomBoolPolicy	30	0	-540.62	35.36	-690.72	-333.55	factoredLRTDP	24	0.2256	-438.43	39.68	-563.25	-98.36	ppudd3177	30	0.526	-302.39	45.02	-673.39	-174.79	ppudd5177	30	0.799	-178.73	39.11	-480.03	0.43	
skill_teaching_inst_mdp__10	G-pack	300	1	-132.29	69.05	-612.79	161.27	NoopPolicy	30	0	-949.82	0	-949.82	-949.82	PROST2011	35	0.8887	-189.44	62.5	-569.67	96.14	PROST2014	51	0.9263	-170.16	71.95	-603.69	149.34	RandomBoolPolicy	30	0	-645.96	48.56	-839.84	-366.53	factoredLRTDP	0	0	-645.96	48.56	-839.84	-366.53	ppudd3177	30	0.5922	-341.74	48.5	-653.26	-184.28	ppudd5177	30	0.7401	-265.8	53.36	-579.87	-37.41	
tamarisk_inst_mdp__1	G-pack	120	0.9773	-127.43	19.58	-286.58	-45.48	NoopPolicy	30	0	-838.74	31.66	-919.5	-524.25	PROST2011	30	1	-115.68	13.94	-229.89	-51.53	PROST2014	30	0.9823	-124.86	18.14	-241.59	-53.03	RandomBoolPolicy	30	0	-633.01	58	-838.25	-190.63	factoredLRTDP	21	0.3262	-464.24	63.54	-655.66	-44.58	ppudd3177	30	0.9257	-154.13	22.19	-302.83	-62.38	ppudd5177	30	0.9257	-154.13	22.19	-302.83	-62.38	
tamarisk_inst_mdp__2	G-pack	30	0.5347	-698.65	52.56	-823.57	-233.04	NoopPolicy	30	0	-1023.3	2.45	-1028.5	-1003.25	PROST2011	30	1	-480.79	57.12	-778.78	-144.92	PROST2014	30	0.8697	-541.78	44.96	-753.92	-317.16	RandomBoolPolicy	30	0	-948.98	14.2	-1014.89	-839.91	factoredLRTDP	14	0.0459	-927.48	26.51	-1000.76	-577.12	ppudd3177	30	0.7748	-586.24	62.28	-851.5	-262.97	ppudd5177	30	0.7748	-586.24	62.28	-851.5	-262.97	
tamarisk_inst_mdp__3	G-pack	30	0.9536	-219.21	57.54	-752.07	-76.41	NoopPolicy	30	0	-1070.71	25.39	-1159	-838.5	PROST2011	30	1	-189.95	38.91	-550.05	-61.13	PROST2014	30	0.9068	-248.72	55	-664.48	-69.6	RandomBoolPolicy	30	0	-820.54	64.23	-1058.65	-364.13	factoredLRTDP	14	0.1143	-748.45	67.5	-1049.08	-88.35	ppudd3177	30	0.9573	-216.85	40.66	-526.08	-82.18	ppudd5177	30	0.8551	-281.3	55.67	-667.5	-85.96	
tamarisk_inst_mdp__4	G-pack	30	0.4416	-975.74	35.03	-1057.82	-592.64	NoopPolicy	30	0	-1269.85	3.76	-1287.75	-1250.25	PROST2011	30	1	-719.03	58.92	-1115.9	-345.51	PROST2014	30	0.7974	-812.19	49.3	-1097.11	-443.14	RandomBoolPolicy	30	0	-1178.76	17.59	-1265.92	-1053.68	factoredLRTDP	13	0.0503	-1155.64	34.03	-1222.68	-697.3	ppudd3177	30	0.8155	-803.85	67.04	-1132.6	-430.25	ppudd5177	30	0.482	-957.17	71.68	-1167.32	-393.82	
tamarisk_inst_mdp__5	G-pack	30	0.6932	-776.01	78.26	-1150.7	-326.44	NoopPolicy	30	0	-1394.22	10.14	-1418.5	-1295	PROST2011	30	1	-554.35	67.98	-1050.5	-266.32	PROST2014	30	0.7447	-738.79	69.66	-1109.07	-393.63	RandomBoolPolicy	30	0	-1276.74	23.17	-1395.33	-1134.27	factoredLRTDP	15	0.1063	-1199.96	69.83	-1297.03	-249.96	ppudd3177	30	0.8065	-694.16	57.67	-1034.63	-436.91	ppudd5177	30	0.9323	-603.22	72.77	-1131.84	-288.06	
tamarisk_inst_mdp__6	G-pack	30	0.4616	-1237.43	22.1	-1324.86	-1037.11	NoopPolicy	30	0	-1512.8	5.4	-1535.25	-1481.75	PROST2011	30	0.9713	-1022.27	45.7	-1218.28	-698.08	PROST2014	30	1	-1010.16	65.92	-1200.36	-479.03	RandomBoolPolicy	30	0	-1432.27	15.25	-1491.09	-1263.15	factoredLRTDP	0	0	-1432.27	15.25	-1491.09	-1263.15	ppudd3177	0	0	-1432.27	15.25	-1491.09	-1263.15	ppudd5177	12	0	-1462.53	13.82	-1536	-1432.27	
tamarisk_inst_mdp__7	G-pack	30	0.6894	-954.13	79.78	-1317.07	-521.41	NoopPolicy	30	0	-1572.42	20.94	-1635	-1396.5	PROST2011	30	1	-729.49	77.66	-1223.24	-266.55	PROST2014	30	0.7391	-918.16	73.81	-1285.86	-463.09	RandomBoolPolicy	30	0	-1452.65	34.6	-1587.82	-1122.32	factoredLRTDP	18	0.1162	-1368.65	88.38	-1494.75	-111.59	ppudd3177	30	0.8535	-835.44	81.48	-1387.02	-521.34	ppudd5177	30	0.1639	-1334.12	58.76	-1567.64	-828.14	
tamarisk_inst_mdp__8	G-pack	30	0.5459	-1426.19	31.06	-1540.86	-1112.86	NoopPolicy	30	0	-1727.08	15.12	-1771.5	-1558.75	PROST2011	30	0.8537	-1311.7	45.3	-1544.78	-1023.43	PROST2014	30	1	-1257.26	46.25	-1479.61	-943.86	RandomBoolPolicy	30	0	-1629.29	25.48	-1741.64	-1442.71	factoredLRTDP	0	0	-1629.29	25.48	-1741.64	-1442.71	ppudd3177	0	0	-1629.29	25.48	-1741.64	-1442.71	ppudd5177	0	0	-1629.29	25.48	-1741.64	-1442.71	
tamarisk_inst_mdp__9	G-pack	30	0.6301	-1086.33	110.05	-1585.36	-201.72	NoopPolicy	30	0	-1670.7	28.51	-1777.25	-1525.5	PROST2011	30	0.7475	-1015.98	102.05	-1404.89	-252.41	PROST2014	30	0.9026	-923.06	102.39	-1383.86	-330.89	RandomBoolPolicy	30	0	-1463.72	56.51	-1701.95	-1077.86	factoredLRTDP	8	0.0199	-1451.78	18.97	-1540.65	-1230.11	ppudd3177	69	1	-864.74	108.73	-1361.76	-239.29	ppudd5177	30	0	-1524.39	70.86	-1765.46	-842.82	
tamarisk_inst_mdp__10	G-pack	30	0.5415	-1575.88	40.91	-1732.86	-1380.36	NoopPolicy	30	0	-1884.89	23.97	-1975	-1659.75	PROST2011	30	0.8981	-1455.38	76.4	-1744.18	-824.7	PROST2014	30	1	-1420.94	55.05	-1691.36	-1000.36	RandomBoolPolicy	30	0	-1758.88	40.15	-1914.09	-1448.67	factoredLRTDP	0	0	-1758.88	40.15	-1914.09	-1448.67	ppudd3177	0	0	-1758.88	40.15	-1914.09	-1448.67	ppudd5177	0	0	-1758.88	40.15	-1914.09	-1448.67	
traffic_inst_mdp__1	G-pack	30	0.9376	-4.5	0.84	-10	0	NoopPolicy	30	0	-52.03	4.5	-68	-18	PROST2011	30	1.0002	-3.47	1.05	-13	0	PROST2014	30	0.9679	-4	0.85	-10	0	RandomBoolPolicy	30	0.0002	-19.97	4.61	-53	-6	factoredLRTDP	27	0	-23.76	4.95	-53	0	ppudd3177	30	0	-61.63	12.61	-133	-15	ppudd5177	30	0	-79.2	17.19	-191	-19	
traffic_inst_mdp__2	G-pack	30	1.0001	-11.27	1.53	-19	-4	NoopPolicy	30	0	-57.37	4.49	-72	-18	PROST2011	30	0.9964	-11.4	1.87	-30	-1	PROST2014	30	0.9883	-11.7	1.67	-22	-6	RandomBoolPolicy	30	0.0001	-47.87	6.23	-80	-15	factoredLRTDP	27	0	-51.55	7.25	-106	-1	ppudd3177	30	0	-88.57	14.2	-178	-28	ppudd5177	30	0	-80.1	14.28	-182	-30	
traffic_inst_mdp__3	G-pack	30	0.8854	-18.17	4.69	-51	-1	NoopPolicy	30	0	-107	6.99	-140	-57	PROST2011	30	0.8545	-19.83	3.93	-48	-3	PROST2014	30	1.0001	-11.97	2.99	-30	-1	RandomBoolPolicy	30	0	-66.03	9.42	-135	-21	factoredLRTDP	26	0	-80.01	10.42	-130	-1	ppudd3177	30	0	-189.83	29.02	-318	-67	ppudd5177	30	0	-150.6	24.02	-285	-39	
traffic_inst_mdp__4	G-pack	90	0.879	-51.27	5.34	-86	-25	NoopPolicy	30	0	-116.9	5.42	-135	-78	PROST2011	30	0.7085	-64	5.87	-95	-25	PROST2014	30	1	-42.23	5.22	-68	-6	RandomBoolPolicy	30	0	-132.77	11.82	-200	-73	factoredLRTDP	26	0.0011	-116.82	10.75	-155	0	ppudd3177	30	0.0165	-115.67	5.98	-140	-69	ppudd5177	30	0	-117.43	5.25	-136	-63	
traffic_inst_mdp__5	G-pack	30	0.9519	-48.9	5.85	-83	-29	NoopPolicy	30	0	-222.03	5.3	-238	-189	PROST2011	30	1	-45.27	3.82	-68	-25	PROST2014	30	0.9475	-49.23	5.25	-94	-30	RandomBoolPolicy	30	0	-120.7	12.96	-203	-65	factoredLRTDP	25	0.0326	-118.24	12	-193	-32	ppudd3177	30	0	-277.03	35.56	-494	-102	ppudd5177	30	0	-254.8	27.01	-378	-169	
traffic_inst_mdp__6	G-pack	150	0.9184	-70.77	9.98	-145	-30	NoopPolicy	30	0	-258.1	2.97	-269	-237	PROST2011	30	0.8029	-81.57	8.83	-129	-42	PROST2014	30	1	-63.13	8.58	-132	-37	RandomBoolPolicy	30	0	-156.67	13.25	-230	-83	factoredLRTDP	25	0	-173.07	16.2	-311	-21	ppudd3177	30	0	-338	44.3	-478	-141	ppudd5177	30	0	-245.53	25.01	-444	-169	
traffic_inst_mdp__7	G-pack	30	0.9321	-51.8	6.11	-93	-27	NoopPolicy	30	0	-249.47	14.21	-306	-157	PROST2011	30	0.9872	-46.2	3.7	-68	-30	PROST2014	30	1	-44.9	3.35	-67	-33	RandomBoolPolicy	30	0	-146.57	9.08	-225	-111	factoredLRTDP	22	0	-156.9	15.76	-279	-88	ppudd3177	30	0	-270.43	22.11	-430	-177	ppudd5177	30	0	-277.03	23.84	-455	-177	
traffic_inst_mdp__8	G-pack	90	0.9446	-53.97	9.33	-111	-14	NoopPolicy	30	0	-286.03	6.5	-313	-240	PROST2011	30	0.9009	-58.73	10.24	-109	-14	PROST2014	30	1	-47.93	10.61	-106	-8	RandomBoolPolicy	30	0	-156.9	16.43	-247	-80	factoredLRTDP	23	0	-178.21	21.12	-336	-32	ppudd3177	30	0	-177.57	22.63	-396	-107	ppudd5177	30	0	-242.83	20.82	-304	-130	
traffic_inst_mdp__9	G-pack	60	0.9477	-24.1	6.52	-88	-8	NoopPolicy	30	0	-235.13	13.13	-321	-161	PROST2011	30	1	-19.33	3.29	-43	-8	PROST2014	30	0.9879	-20.43	5.44	-67	-9	RandomBoolPolicy	30	0	-110.53	13.63	-184	-39	factoredLRTDP	23	0.4078	-73.34	12.29	-110.53	-9	ppudd3177	30	0	-250.77	15.7	-332	-160	ppudd5177	30	0	-249.17	14.48	-342	-185	
traffic_inst_mdp__10	G-pack	60	0.8095	-133.93	10.25	-195	-83	NoopPolicy	30	0	-464.37	12.56	-511	-388	PROST2011	30	1	-108.1	10.38	-160	-49	PROST2014	30	0.8387	-129.97	10.06	-190	-81	RandomBoolPolicy	30	0	-243.7	22.3	-381	-133	factoredLRTDP	0	0	-243.7	22.3	-381	-133	ppudd3177	30	0	-298.2	24.97	-487	-219	ppudd5177	30	0	-357.8	35.27	-511	-200	
triangle_tireworld_inst_mdp__1	G-pack	90	0.9974	93.5	0.75	90	96	NoopPolicy	30	0	-40	0	-40	-40	PROST2011	91	1	93.83	0.69	90	96	PROST2014	4989	0.999	93.7	0.79	90	96	RandomBoolPolicy	30	0	-32.27	10.55	-40	83	factoredLRTDP	28	0.8253	71.81	17.47	-40	96	ppudd3177	30	0.9892	92.47	0.82	90	96	ppudd5177	2	0.0657	-23.99	11.28	-32.27	92	
triangle_tireworld_inst_mdp__2	G-pack	150	1	94.27	0.81	90	96	NoopPolicy	30	0	-40	0	-40	-40	PROST2011	69	0.9964	93.83	0.6	90	96	PROST2014	4793	0.9997	94.23	0.67	90	96	RandomBoolPolicy	30	0	-28.47	12.69	-40	93	factoredLRTDP	28	0.8532	76.25	15.4	-40	96	ppudd3177	30	0.9897	93	0.86	90	96	ppudd5177	2	0.066	-20.37	11.03	-28.47	94	
triangle_tireworld_inst_mdp__3	G-pack	150	1	86.63	1.36	78	92	NoopPolicy	30	0	-40	0	-40	-40	PROST2011	41	0.8442	66.9	15.41	-40	92	PROST2014	38	0.9237	76.97	1.53	70	86	RandomBoolPolicy	30	0	-40	0	-40	-40	factoredLRTDP	0	0	-40	0	-40	-40	ppudd3177	30	0.1374	-22.6	16.15	-40	94	ppudd5177	1	0	-40	0	-40	-40	
triangle_tireworld_inst_mdp__4	G-pack	60	1	88.1	0.97	80	92	NoopPolicy	30	0	-40	0	-40	-40	PROST2011	45	0.9935	87.27	1.52	77	93	PROST2014	37	0.9113	76.73	1.45	68	85	RandomBoolPolicy	30	0	-40	0	-40	-40	factoredLRTDP	0	0	-40	0	-40	-40	ppudd3177	30	0.2748	-4.8	21.25	-40	94	ppudd5177	1	0	-40	0	-40	-40	
triangle_tireworld_inst_mdp__5	G-pack	60	1	76.13	1.4	68	82	NoopPolicy	30	0	-40	0	-40	-40	PROST2011	34	0.3482	0.43	19.38	-40	80	PROST2014	37	0.9553	70.93	1.4	63	80	RandomBoolPolicy	30	0	-40	0	-40	-40	factoredLRTDP	0	0	-40	0	-40	-40	ppudd3177	6	0	-40	0	-40	-40	ppudd5177	0	0	-40	0	-40	-40	
triangle_tireworld_inst_mdp__6	G-pack	60	1	79.23	1.36	72	86	NoopPolicy	30	0	-40	0	-40	-40	PROST2011	39	0.4454	13.1	20.71	-40	85	PROST2014	33	0.9427	72.4	1.22	66	80	RandomBoolPolicy	30	0	-40	0	-40	-40	factoredLRTDP	0	0	-40	0	-40	-40	ppudd3177	6	0.007	-39.17	1.63	-40	-15	ppudd5177	0	0	-40	0	-40	-40	
triangle_tireworld_inst_mdp__7	G-pack	27	0.0963	-36.3	7.25	-40	71	NoopPolicy	30	0	-40	0	-40	-40	PROST2011	33	0.0876	-36.63	6.6	-40	61	PROST2014	30	1.0001	-1.57	18.4	-40	70	RandomBoolPolicy	30	0	-40	0	-40	-40	factoredLRTDP	0	0	-40	0	-40	-40	ppudd3177	0	0	-40	0	-40	-40	ppudd5177	0	0	-40	0	-40	-40	
triangle_tireworld_inst_mdp__8	G-pack	15	0.0509	-36.43	6.99	-40	67	NoopPolicy	30	0	-40	0	-40	-40	PROST2011	33	0	-40	0	-40	-40	PROST2014	31	1	30.13	18.07	-40	70	RandomBoolPolicy	30	0	-40	0	-40	-40	factoredLRTDP	0	0	-40	0	-40	-40	ppudd3177	0	0	-40	0	-40	-40	ppudd5177	0	0	-40	0	-40	-40	
triangle_tireworld_inst_mdp__9	G-pack	30	0	-40	0	-40	-40	NoopPolicy	30	0	-40	0	-40	-40	PROST2011	38	0	-40	0	-40	-40	PROST2014	30	0	-40	0	-40	-40	RandomBoolPolicy	30	0	-40	0	-40	-40	factoredLRTDP	0	0	-40	0	-40	-40	ppudd3177	0	0	-40	0	-40	-40	ppudd5177	0	0	-40	0	-40	-40	
triangle_tireworld_inst_mdp__10	G-pack	20	0	-40	0	-40	-40	NoopPolicy	30	0	-40	0	-40	-40	PROST2011	40	0	-40	0	-40	-40	PROST2014	30	0	-40	0	-40	-40	RandomBoolPolicy	30	0	-40	0	-40	-40	factoredLRTDP	0	0	-40	0	-40	-40	ppudd3177	0	0	-40	0	-40	-40	ppudd5177	0	0	-40	0	-40	-40	
wildfire_inst_mdp__1	G-pack	120	1	-181.17	255.75	-3965	-40	NoopPolicy	30	0	-7906.67	871.85	-11315	-200	PROST2011	58	0.9717	-292.67	341.93	-3950	-40	PROST2014	57	0.8919	-607.67	521.28	-4855	-40	RandomBoolPolicy	30	0	-4126.83	1253.11	-10680	-285	factoredLRTDP	28	0.842	-804.52	635	-6525	-40	ppudd3177	30	0.9081	-543.67	460.07	-5590	-15	ppudd5177	30	0.9081	-543.67	460.07	-5590	-15	
wildfire_inst_mdp__2	G-pack	210	1	-8572.33	603.87	-15895	-8055	NoopPolicy	30	0	-17268.5	586.23	-19455	-14165	PROST2011	30	0.9536	-8831.17	568.36	-11980	-8045	PROST2014	30	0.7148	-10162	707.94	-15325	-8065	RandomBoolPolicy	30	0	-14146.83	1105.43	-19540	-8355	factoredLRTDP	28	0.3171	-12379.18	1013.74	-17975	-4950	ppudd3177	30	0	-14289	923.37	-18960	-8945	ppudd5177	30	0	-14289	923.37	-18960	-8945	
wildfire_inst_mdp__3	G-pack	30	0.9599	-1630.33	809.72	-7835	-95	NoopPolicy	30	0	-13185.5	729.17	-16255	-7465	PROST2011	30	0.9709	-1529.83	850.86	-7940	-85	PROST2014	31	1	-1263	883.49	-11250	-85	RandomBoolPolicy	30	0	-10424.5	1451.37	-14845	-610	factoredLRTDP	27	0.3446	-7267.77	1516.06	-14225	-195	ppudd3177	30	0	-12534.33	728.99	-15595	-8685	ppudd5177	30	0	-12534.33	728.99	-15595	-8685	
wildfire_inst_mdp__4	G-pack	30	0.9217	-9680.83	1597.25	-18865	-4085	NoopPolicy	30	0	-27244.33	616.14	-30620	-24100	PROST2011	42	1	-8536	1280.1	-15605	-4100	PROST2014	30	0.3348	-18259.33	2853.64	-27440	-4110	RandomBoolPolicy	30	0	-23154	1185.76	-28095	-14095	factoredLRTDP	27	0.4653	-16352.37	1898.4	-25545	-6575	ppudd3177	30	0.2548	-19430	1527.25	-28075	-11195	ppudd5177	30	0.4624	-16394.17	1780.17	-27585	-8160	
wildfire_inst_mdp__5	G-pack	30	1	-2024.83	1268.1	-13485	-60	NoopPolicy	30	0	-12219.83	1026.08	-19300	-7115	PROST2011	30	0.9435	-2372	1040.67	-8865	-125	PROST2014	30	0.7359	-3648	1395.87	-12355	-85	RandomBoolPolicy	30	0	-8169.83	1091.2	-12930	-2425	factoredLRTDP	25	0.1898	-7003.8	1403.46	-14635	-70	ppudd3177	12	0	-8739.23	994.78	-16250	-1410	ppudd5177	0	0	-8169.83	1091.2	-12930	-2425	
wildfire_inst_mdp__6	G-pack	30	1	-17626.83	3795.27	-34535	-4095	NoopPolicy	30	0	-31480	1045.03	-37450	-26630	PROST2011	30	0.7428	-19453	2214.5	-28285	-4300	PROST2014	30	0.6013	-20457.33	2537.29	-32000	-6730	RandomBoolPolicy	30	0	-24726.33	2236.02	-34885	-13390	factoredLRTDP	25	0	-24870.1	2249.35	-36095	-10070	ppudd3177	27	0	-27401.73	1195.49	-34045	-22105	ppudd5177	1	0	-24757.12	60.35	-25650	-24726.33	
wildfire_inst_mdp__7	G-pack	30	0.1186	-15399	1566.91	-19915	-4350	NoopPolicy	30	0	-18870.67	485.31	-21035	-14950	PROST2011	30	0.4747	-11653.17	1253.55	-18170	-4395	PROST2014	30	1	-6126.83	852.03	-12305	-4180	RandomBoolPolicy	30	0	-16646.67	579.18	-19760	-13480	factoredLRTDP	24	0.1228	-15354.89	988.66	-18815	-8860	ppudd3177	14	0	-17158.39	393.71	-19440	-14870	ppudd5177	0	0	-16646.67	579.18	-19760	-13480	
wildfire_inst_mdp__8	G-pack	30	0.2414	-23589.67	2203.76	-32725	-13920	NoopPolicy	30	0	-29635.17	1368.46	-37685	-22195	PROST2011	30	0.9507	-15928.5	2658.48	-33850	-8205	PROST2014	30	1	-15396.17	2595.24	-32790	-8190	RandomBoolPolicy	30	0	-26196.67	1797.92	-35010	-12370	factoredLRTDP	24	0.1254	-24842.39	2249.23	-34955	-10855	ppudd3177	30	0	-27393.33	1659.58	-35445	-17625	ppudd5177	19	0.2572	-23418.28	2307.29	-35315	-8165	
wildfire_inst_mdp__9	G-pack	30	0.5593	-14628.83	1171.25	-19345	-7425	NoopPolicy	30	0	-20483	498.54	-23785	-17530	PROST2011	30	0.8995	-12503.83	1251.1	-17935	-4410	PROST2014	30	1	-11876	1716.55	-19755	-295	RandomBoolPolicy	30	0	-18122.5	573.16	-21395	-15520	factoredLRTDP	15	0.0228	-17980	831.53	-21695	-8140	ppudd3177	0	0	-18122.5	573.16	-21395	-15520	ppudd5177	0	0	-18122.5	573.16	-21395	-15520	
wildfire_inst_mdp__10	G-pack	90	0	-28790.83	1219.17	-34950	-18535	NoopPolicy	30	0	-31154.17	1392.9	-39475	-20255	PROST2011	30	0.6093	-22905.33	1792.94	-37390	-16595	PROST2014	30	1	-19638.17	1529.32	-28615	-13280	RandomBoolPolicy	30	0	-27999.67	1715.71	-35025	-18620	factoredLRTDP	0	0	-27999.67	1715.71	-35025	-18620	ppudd3177	0	0	-27999.67	1715.71	-35025	-18620	ppudd5177	0	0	-27999.67	1715.71	-35025	-18620	

Avg of all normalized rewards by domain
===
academic_advising_mdp		G-pack	300	0.2999	0.0521	NoopPolicy	300	0	0	PROST2011	300	0.2969	0.0515	PROST2014	300	0.3227	0.0604	RandomBoolPolicy	300	-0.2705	0.0792	factoredLRTDP	300	0.2661	0.0542	ppudd3177	300	0.2891	0.0503	ppudd5177	300	0.201	0.0447
crossing_traffic_mdp		G-pack	300	0.7706	0.0542	NoopPolicy	300	-0.0502	0.0101	PROST2011	300	0.9077	0.0327	PROST2014	300	0.9676	0.0294	RandomBoolPolicy	300	0	0.0243	factoredLRTDP	300	0.3405	0.0521	ppudd3177	300	0.4065	0.0656	ppudd5177	300	0.4065	0.0656
elevators_mdp		G-pack	300	0.9565	0.042	NoopPolicy	300	0	0.0481	PROST2011	300	0.867	0.0422	PROST2014	300	0.9274	0.0422	RandomBoolPolicy	300	-0.6396	0.1247	factoredLRTDP	300	-0.2093	0.1206	ppudd3177	300	0.5799	0.0542	ppudd5177	300	0.4996	0.0554
skill_teaching_mdp		G-pack	300	0.9815	0.033	NoopPolicy	300	-1.1342	0.0981	PROST2011	300	0.887	0.0354	PROST2014	300	0.9162	0.0332	RandomBoolPolicy	300	-0	0.0421	factoredLRTDP	300	0.2832	0.0392	ppudd3177	300	0.7401	0.0341	ppudd5177	300	0.7805	0.034
tamarisk_mdp		G-pack	300	0.6469	0.0384	NoopPolicy	300	-0.2652	0.0165	PROST2011	300	0.9471	0.0408	PROST2014	300	0.8943	0.0391	RandomBoolPolicy	300	-0	0.0236	factoredLRTDP	300	0.0779	0.0299	ppudd3177	300	0.6133	0.0571	ppudd5177	300	0.3961	0.0571
traffic_mdp		G-pack	300	0.9206	0.024	NoopPolicy	300	-1.0579	0.0755	PROST2011	300	0.9251	0.0241	PROST2014	300	0.973	0.0217	RandomBoolPolicy	300	-0.0212	0.0537	factoredLRTDP	300	-0.062	0.0618	ppudd3177	300	-1.3269	0.1589	ppudd5177	300	-1.3203	0.1673
triangle_tireworld_mdp		G-pack	300	0.6145	0.0576	NoopPolicy	300	-0.0155	0.0036	PROST2011	300	0.4715	0.0575	PROST2014	300	0.7732	0.0693	RandomBoolPolicy	300	0	0.0131	factoredLRTDP	300	0.1679	0.0423	ppudd3177	300	0.2398	0.0482	ppudd5177	300	0.0132	0.0128
wildfire_mdp		G-pack	300	0.6706	0.0827	NoopPolicy	300	-0.4994	0.0502	PROST2011	300	0.8517	0.0591	PROST2014	300	0.8279	0.0693	RandomBoolPolicy	300	-0	0.061	factoredLRTDP	300	0.2409	0.0662	ppudd3177	300	0.0278	0.0569	ppudd5177	300	0.1368	0.0559

Avg of min(0,avg-norm-score-instance)
===
academic_advising_mdp		G-pack	10	0.2999	0.2993	NoopPolicy	10	0	0	PROST2011	10	0.2969	0.2963	PROST2014	10	0.3227	0.2867	RandomBoolPolicy	10	0	0	factoredLRTDP	10	0.2661	0.2231	ppudd3177	10	0.2891	0.2886	ppudd5177	10	0.201	0.2526
crossing_traffic_mdp		G-pack	10	0.7706	0.1964	NoopPolicy	10	0	0	PROST2011	10	0.9077	0.066	PROST2014	10	0.9676	0.0381	RandomBoolPolicy	10	0	0	factoredLRTDP	10	0.3405	0.2427	ppudd3177	10	0.4065	0.1261	ppudd5177	10	0.4065	0.1261
elevators_mdp		G-pack	10	0.9565	0.0369	NoopPolicy	10	0	0	PROST2011	10	0.867	0.0713	PROST2014	10	0.9274	0.0706	RandomBoolPolicy	10	0	0	factoredLRTDP	10	0.157	0.1421	ppudd3177	10	0.5799	0.0952	ppudd5177	10	0.4996	0.0894
skill_teaching_mdp		G-pack	10	0.9815	0.0222	NoopPolicy	10	0	0	PROST2011	10	0.887	0.0433	PROST2014	10	0.9162	0.0532	RandomBoolPolicy	10	0	0	factoredLRTDP	10	0.2832	0.1278	ppudd3177	10	0.7401	0.0822	ppudd5177	10	0.7805	0.0667
tamarisk_mdp		G-pack	10	0.6469	0.1165	NoopPolicy	10	0	0	PROST2011	10	0.9471	0.054	PROST2014	10	0.8943	0.0647	RandomBoolPolicy	10	0	0	factoredLRTDP	10	0.0779	0.0615	ppudd3177	10	0.6133	0.2659	ppudd5177	10	0.4134	0.262
traffic_mdp		G-pack	10	0.9206	0.0322	NoopPolicy	10	0	0	PROST2011	10	0.9251	0.065	PROST2014	10	0.973	0.0312	RandomBoolPolicy	10	0	0	factoredLRTDP	10	0.0441	0.0794	ppudd3177	10	0.0017	0.0032	ppudd5177	10	0	0
triangle_tireworld_mdp		G-pack	10	0.6145	0.3086	NoopPolicy	10	0	0	PROST2011	10	0.4715	0.2769	PROST2014	10	0.7732	0.2534	RandomBoolPolicy	10	0	0	factoredLRTDP	10	0.1679	0.2194	ppudd3177	10	0.2398	0.2511	ppudd5177	10	0.0132	0.0172
wildfire_mdp		G-pack	10	0.6801	0.2556	NoopPolicy	10	0	0	PROST2011	10	0.8517	0.1121	PROST2014	10	0.8279	0.1413	RandomBoolPolicy	10	0	0	factoredLRTDP	10	0.243	0.1629	ppudd3177	10	0.1163	0.1794	ppudd5177	10	0.1628	0.1893

Avg of all normalized rewards
===
G-pack	2400	0.7326	0.0199
NoopPolicy	2400	-0.3778	0.0252
PROST2011	2400	0.7692	0.0182
PROST2014	2400	0.8253	0.019
RandomBoolPolicy	2400	-0.1164	0.0238
factoredLRTDP	2400	0.1382	0.0236
ppudd3177	2400	0.1962	0.0361
ppudd5177	2400	0.1392	0.0356

Avg of min(0,avg-norm-score-instance)
===
G-pack	80	0.7338	0.0808
NoopPolicy	80	0	0
PROST2011	80	0.7692	0.0729
PROST2014	80	0.8253	0.0673
RandomBoolPolicy	80	0	0
factoredLRTDP	80	0.1975	0.0611
ppudd3177	80	0.3733	0.0826
ppudd5177	80	0.3096	0.0762
