tamarisk_inst_mdp__ 1	G-pack	120	0.9773	-127.43	19.58	-286.58	-45.48	NoopPolicy	30	0	-838.74	31.66	-919.5	-524.25	PROST2011	30	1	-115.68	13.94	-229.89	-51.53	PROST2014	30	0.9823	-124.86	18.14	-241.59	-53.03	RandomBoolPolicy	30	0	-633.01	58	-838.25	-190.63	factoredLRTDP	21	0.3262	-464.24	63.54	-655.66	-44.58	ppudd3177	30	0.9257	-154.13	22.19	-302.83	-62.38	ppudd5177	30	0.9257	-154.13	22.19	-302.83	-62.38	
tamarisk_inst_mdp__ 2	G-pack	30	0.5347	-698.65	52.56	-823.57	-233.04	NoopPolicy	30	0	-1023.3	2.45	-1028.5	-1003.25	PROST2011	30	1	-480.79	57.12	-778.78	-144.92	PROST2014	30	0.8697	-541.78	44.96	-753.92	-317.16	RandomBoolPolicy	30	0	-948.98	14.2	-1014.89	-839.91	factoredLRTDP	14	0.0459	-927.48	26.51	-1000.76	-577.12	ppudd3177	30	0.7748	-586.24	62.28	-851.5	-262.97	ppudd5177	30	0.7748	-586.24	62.28	-851.5	-262.97	
tamarisk_inst_mdp__ 3	G-pack	30	0.9536	-219.21	57.54	-752.07	-76.41	NoopPolicy	30	0	-1070.71	25.39	-1159	-838.5	PROST2011	30	1	-189.95	38.91	-550.05	-61.13	PROST2014	30	0.9068	-248.72	55	-664.48	-69.6	RandomBoolPolicy	30	0	-820.54	64.23	-1058.65	-364.13	factoredLRTDP	14	0.1143	-748.45	67.5	-1049.08	-88.35	ppudd3177	30	0.9573	-216.85	40.66	-526.08	-82.18	ppudd5177	30	0.8551	-281.3	55.67	-667.5	-85.96	
tamarisk_inst_mdp__ 4	G-pack	30	0.4416	-975.74	35.03	-1057.82	-592.64	NoopPolicy	30	0	-1269.85	3.76	-1287.75	-1250.25	PROST2011	30	1	-719.03	58.92	-1115.9	-345.51	PROST2014	30	0.7974	-812.19	49.3	-1097.11	-443.14	RandomBoolPolicy	30	0	-1178.76	17.59	-1265.92	-1053.68	factoredLRTDP	13	0.0503	-1155.64	34.03	-1222.68	-697.3	ppudd3177	30	0.8155	-803.85	67.04	-1132.6	-430.25	ppudd5177	30	0.482	-957.17	71.68	-1167.32	-393.82	
tamarisk_inst_mdp__ 5	G-pack	30	0.6932	-776.01	78.26	-1150.7	-326.44	NoopPolicy	30	0	-1394.22	10.14	-1418.5	-1295	PROST2011	30	1	-554.35	67.98	-1050.5	-266.32	PROST2014	30	0.7447	-738.79	69.66	-1109.07	-393.63	RandomBoolPolicy	30	0	-1276.74	23.17	-1395.33	-1134.27	factoredLRTDP	15	0.1063	-1199.96	69.83	-1297.03	-249.96	ppudd3177	30	0.8065	-694.16	57.67	-1034.63	-436.91	ppudd5177	30	0.9323	-603.22	72.77	-1131.84	-288.06	
tamarisk_inst_mdp__ 6	G-pack	30	0.4616	-1237.43	22.1	-1324.86	-1037.11	NoopPolicy	30	0	-1512.8	5.4	-1535.25	-1481.75	PROST2011	30	0.9713	-1022.27	45.7	-1218.28	-698.08	PROST2014	30	1	-1010.16	65.92	-1200.36	-479.03	RandomBoolPolicy	30	0	-1432.27	15.25	-1491.09	-1263.15	factoredLRTDP	0	0	-1432.27	15.25	-1491.09	-1263.15	ppudd3177	0	0	-1432.27	15.25	-1491.09	-1263.15	ppudd5177	12	0	-1462.53	13.82	-1536	-1432.27	
tamarisk_inst_mdp__ 7	G-pack	30	0.6894	-954.13	79.78	-1317.07	-521.41	NoopPolicy	30	0	-1572.42	20.94	-1635	-1396.5	PROST2011	30	1	-729.49	77.66	-1223.24	-266.55	PROST2014	30	0.7391	-918.16	73.81	-1285.86	-463.09	RandomBoolPolicy	30	0	-1452.65	34.6	-1587.82	-1122.32	factoredLRTDP	18	0.1162	-1368.65	88.38	-1494.75	-111.59	ppudd3177	30	0.8535	-835.44	81.48	-1387.02	-521.34	ppudd5177	30	0.1639	-1334.12	58.76	-1567.64	-828.14	
tamarisk_inst_mdp__ 8	G-pack	30	0.5459	-1426.19	31.06	-1540.86	-1112.86	NoopPolicy	30	0	-1727.08	15.12	-1771.5	-1558.75	PROST2011	30	0.8537	-1311.7	45.3	-1544.78	-1023.43	PROST2014	30	1	-1257.26	46.25	-1479.61	-943.86	RandomBoolPolicy	30	0	-1629.29	25.48	-1741.64	-1442.71	factoredLRTDP	0	0	-1629.29	25.48	-1741.64	-1442.71	ppudd3177	0	0	-1629.29	25.48	-1741.64	-1442.71	ppudd5177	0	0	-1629.29	25.48	-1741.64	-1442.71	
tamarisk_inst_mdp__ 9	G-pack	30	0.6301	-1086.33	110.05	-1585.36	-201.72	NoopPolicy	30	0	-1670.7	28.51	-1777.25	-1525.5	PROST2011	30	0.7475	-1015.98	102.05	-1404.89	-252.41	PROST2014	30	0.9026	-923.06	102.39	-1383.86	-330.89	RandomBoolPolicy	30	0	-1463.72	56.51	-1701.95	-1077.86	factoredLRTDP	8	0.0199	-1451.78	18.97	-1540.65	-1230.11	ppudd3177	69	1	-864.74	108.73	-1361.76	-239.29	ppudd5177	30	0	-1524.39	70.86	-1765.46	-842.82	
tamarisk_inst_mdp__ 10	G-pack	30	0.5415	-1575.88	40.91	-1732.86	-1380.36	NoopPolicy	30	0	-1884.89	23.97	-1975	-1659.75	PROST2011	30	0.8981	-1455.38	76.4	-1744.18	-824.7	PROST2014	30	1	-1420.94	55.05	-1691.36	-1000.36	RandomBoolPolicy	30	0	-1758.88	40.15	-1914.09	-1448.67	factoredLRTDP	0	0	-1758.88	40.15	-1914.09	-1448.67	ppudd3177	0	0	-1758.88	40.15	-1914.09	-1448.67	ppudd5177	0	0	-1758.88	40.15	-1914.09	-1448.67
