traffic_inst_mdp__ 1	G-pack	30	0.9376	-4.5	0.84	-10	0	NoopPolicy	30	0	-52.03	4.5	-68	-18	PROST2011	30	1.0002	-3.47	1.05	-13	0	PROST2014	30	0.9679	-4	0.85	-10	0	RandomBoolPolicy	30	0.0002	-19.97	4.61	-53	-6	factoredLRTDP	27	0	-23.76	4.95	-53	0	ppudd3177	30	0	-61.63	12.61	-133	-15	ppudd5177	30	0	-79.2	17.19	-191	-19	
traffic_inst_mdp__ 2	G-pack	30	1.0001	-11.27	1.53	-19	-4	NoopPolicy	30	0	-57.37	4.49	-72	-18	PROST2011	30	0.9964	-11.4	1.87	-30	-1	PROST2014	30	0.9883	-11.7	1.67	-22	-6	RandomBoolPolicy	30	0.0001	-47.87	6.23	-80	-15	factoredLRTDP	27	0	-51.55	7.25	-106	-1	ppudd3177	30	0	-88.57	14.2	-178	-28	ppudd5177	30	0	-80.1	14.28	-182	-30	
traffic_inst_mdp__ 3	G-pack	30	0.8854	-18.17	4.69	-51	-1	NoopPolicy	30	0	-107	6.99	-140	-57	PROST2011	30	0.8545	-19.83	3.93	-48	-3	PROST2014	30	1.0001	-11.97	2.99	-30	-1	RandomBoolPolicy	30	0	-66.03	9.42	-135	-21	factoredLRTDP	26	0	-80.01	10.42	-130	-1	ppudd3177	30	0	-189.83	29.02	-318	-67	ppudd5177	30	0	-150.6	24.02	-285	-39	
traffic_inst_mdp__ 4	G-pack	90	0.879	-51.27	5.34	-86	-25	NoopPolicy	30	0	-116.9	5.42	-135	-78	PROST2011	30	0.7085	-64	5.87	-95	-25	PROST2014	30	1	-42.23	5.22	-68	-6	RandomBoolPolicy	30	0	-132.77	11.82	-200	-73	factoredLRTDP	26	0.0011	-116.82	10.75	-155	0	ppudd3177	30	0.0165	-115.67	5.98	-140	-69	ppudd5177	30	0	-117.43	5.25	-136	-63	
traffic_inst_mdp__ 5	G-pack	30	0.9519	-48.9	5.85	-83	-29	NoopPolicy	30	0	-222.03	5.3	-238	-189	PROST2011	30	1	-45.27	3.82	-68	-25	PROST2014	30	0.9475	-49.23	5.25	-94	-30	RandomBoolPolicy	30	0	-120.7	12.96	-203	-65	factoredLRTDP	25	0.0326	-118.24	12	-193	-32	ppudd3177	30	0	-277.03	35.56	-494	-102	ppudd5177	30	0	-254.8	27.01	-378	-169	
traffic_inst_mdp__ 6	G-pack	150	0.9184	-70.77	9.98	-145	-30	NoopPolicy	30	0	-258.1	2.97	-269	-237	PROST2011	30	0.8029	-81.57	8.83	-129	-42	PROST2014	30	1	-63.13	8.58	-132	-37	RandomBoolPolicy	30	0	-156.67	13.25	-230	-83	factoredLRTDP	25	0	-173.07	16.2	-311	-21	ppudd3177	30	0	-338	44.3	-478	-141	ppudd5177	30	0	-245.53	25.01	-444	-169	
traffic_inst_mdp__ 7	G-pack	30	0.9321	-51.8	6.11	-93	-27	NoopPolicy	30	0	-249.47	14.21	-306	-157	PROST2011	30	0.9872	-46.2	3.7	-68	-30	PROST2014	30	1	-44.9	3.35	-67	-33	RandomBoolPolicy	30	0	-146.57	9.08	-225	-111	factoredLRTDP	22	0	-156.9	15.76	-279	-88	ppudd3177	30	0	-270.43	22.11	-430	-177	ppudd5177	30	0	-277.03	23.84	-455	-177	
traffic_inst_mdp__ 8	G-pack	90	0.9446	-53.97	9.33	-111	-14	NoopPolicy	30	0	-286.03	6.5	-313	-240	PROST2011	30	0.9009	-58.73	10.24	-109	-14	PROST2014	30	1	-47.93	10.61	-106	-8	RandomBoolPolicy	30	0	-156.9	16.43	-247	-80	factoredLRTDP	23	0	-178.21	21.12	-336	-32	ppudd3177	30	0	-177.57	22.63	-396	-107	ppudd5177	30	0	-242.83	20.82	-304	-130	
traffic_inst_mdp__ 9	G-pack	60	0.9477	-24.1	6.52	-88	-8	NoopPolicy	30	0	-235.13	13.13	-321	-161	PROST2011	30	1	-19.33	3.29	-43	-8	PROST2014	30	0.9879	-20.43	5.44	-67	-9	RandomBoolPolicy	30	0	-110.53	13.63	-184	-39	factoredLRTDP	23	0.4078	-73.34	12.29	-110.53	-9	ppudd3177	30	0	-250.77	15.7	-332	-160	ppudd5177	30	0	-249.17	14.48	-342	-185	
traffic_inst_mdp__ 10	G-pack	60	0.8095	-133.93	10.25	-195	-83	NoopPolicy	30	0	-464.37	12.56	-511	-388	PROST2011	30	1	-108.1	10.38	-160	-49	PROST2014	30	0.8387	-129.97	10.06	-190	-81	RandomBoolPolicy	30	0	-243.7	22.3	-381	-133	factoredLRTDP	0	0	-243.7	22.3	-381	-133	ppudd3177	30	0	-298.2	24.97	-487	-219	ppudd5177	30	0	-357.8	35.27	-511	-200
